o = [[ 3.8763592 ,  1.9875784 , -5.0305896 ],
       [ 4.518359  ,  1.8713197 , -5.5562844 ],
       [ 2.8312316 ,  1.6816746 , -3.8806875 ],
       [ 4.0933676 ,  2.5936122 , -5.775564  ],
       [ 4.6473284 ,  1.8869205 , -5.637334  ],
       [ 4.835112  ,  1.6010166 , -5.6184134 ],
       [ 5.188508  ,  1.5653129 , -5.864694  ],
       [ 4.6641173 ,  1.800742  , -5.563408  ],
       [ 3.9599438 ,  1.4543971 , -4.6002927 ],
       [ 5.028348  ,  1.2847823 , -5.466127  ],
       [ 1.9453707 , -1.0356517 ,  0.01838987],
       [ 1.7622405 ,  1.7001408 , -2.5168054 ],
       [ 3.7776132 , -1.7994512 , -1.3949171 ],
       [ 3.3980684 , -3.7020068 ,  1.0616795 ],
       [ 3.6039085 ,  0.01741565, -2.916003  ],
       [ 3.088357  , -0.9317174 , -1.6079574 ],
       [ 3.6687005 , -0.42696503, -2.529957  ],
       [ 3.6031828 , -0.42381784, -2.347905  ],
       [-0.23901467,  0.95180106,  0.08586341],
       [ 1.8408247 ,  1.3537008 , -2.279383  ],
       [ 3.1763437 , -1.2449363 , -1.2766076 ],
       [ 1.4364693 , -0.14350468, -0.6637335 ],
       [ 1.6828862 , -0.9249622 , -0.18341202],
       [ 1.1131834 , -0.30214706, -0.11222573],
       [ 1.8478736 ,  1.9008034 , -2.9077096 ],
       [ 2.5921624 ,  0.51268643, -2.4106956 ],
       [ 3.795011  , -0.41556072, -2.6800504 ],
       [ 1.8663291 ,  2.7126355 , -3.893258  ],
       [ 2.473412  ,  1.5266517 , -3.2788267 ],
       [ 3.288947  , -0.5412936 , -2.1571891 ],
       [ 3.322156  ,  0.71742034, -3.3166454 ],
       [ 3.210942  , -0.8268421 , -1.7942417 ],
       [ 3.1122453 , -2.4338787 , -0.18238263],
       [ 4.6985445 , -3.1852317 , -0.883796  ],
       [ 5.2688274 , -1.9950496 , -2.566223  ],
       [ 4.549013  , -2.1051693 , -1.8063703 ],
       [ 5.8524165 , -2.557958  , -2.6778996 ],
       [ 5.108919  , -0.94827706, -3.4481423 ],
       [ 5.7433095 , -2.6820824 , -2.4707592 ],
       [ 6.1732235 , -1.1001456 , -4.3453183 ],
       [ 2.2161646 ,  0.24238813, -1.8981085 ],
       [ 1.4995561 , -1.5874921 ,  0.75792575],
       [ 3.1576064 , -0.69366235, -1.7886462 ],
       [ 1.6659626 , -0.4900427 , -0.5894452 ],
       [ 2.4903142 ,  1.3833903 , -3.2731345 ],
       [ 4.705669  , -0.1750611 , -3.8871186 ],
       [ 2.5397246 ,  0.35105768, -2.169395  ],
       [ 4.444982  , -1.1606777 , -2.6317196 ],
       [ 5.2677526 ,  0.8366119 , -5.2846107 ],
       [ 4.186231  , -2.0843737 , -1.4319183 ],
       [ 3.0642347 , -0.9988061 , -1.5651938 ],
       [ 3.7058358 , -1.5039091 , -1.8916955 ],
       [ 3.6185985 , -1.0019956 , -2.0100133 ],
       [ 4.0706987 , -3.80698   ,  0.3222436 ],
       [ 3.1485572 , -2.3510852 , -0.20411365],
       [ 3.8869195 , -2.3240163 , -1.0514014 ],
       [ 3.5557258 , -2.784159  , -0.41328216],
       [ 4.058179  , -1.2971035 , -2.1883845 ],
       [ 5.0704923 , -1.8868474 , -2.5828178 ],
       [ 3.2763214 , -2.1552792 , -0.6236106 ],
       [-1.6307956 ,  4.493323  , -2.1104207 ],
       [-1.232458  ,  4.9481378 , -2.9100685 ],
       [-0.00929108,  1.097584  , -0.379753  ],
       [-1.0649637 ,  3.3924172 , -1.4869628 ],
       [-1.3132184 ,  3.2615335 , -1.218633  ],
       [-3.3336463 ,  3.3840206 ,  0.682294  ],
       [-2.880276  ,  2.753914  ,  0.7890222 ],
       [ 0.04627556,  1.4667437 , -0.6171595 ],
       [-1.8571788 ,  1.6809125 ,  1.1370724 ],
       [-0.95400953,  3.316034  , -1.7595108 ],
       [-1.9874057 ,  2.769004  ,  0.01416171],
       [-0.59826934,  4.2828135 , -2.8129363 ],
       [-1.9527594 ,  3.076182  , -0.318986  ],
       [-1.65536   ,  3.334653  , -1.1129837 ],
       [-1.4553149 ,  3.2063596 , -0.9971105 ],
       [ 0.16141108,  2.882495  , -2.1498842 ],
       [ 0.12161968,  3.5501802 , -2.9922595 ],
       [-0.9033815 ,  3.9070015 , -2.087052  ],
       [-0.1260954 ,  3.886221  , -2.8208785 ],
       [-0.5074136 ,  3.1986077 , -1.9423506 ],
       [ 0.35090214,  3.184938  , -2.8944182 ],
       [-0.48545772,  4.617369  , -3.4251554 ],
       [ 0.3627537 ,  3.5246553 , -3.352065  ],
       [ 1.015681  ,  3.387192  , -3.8168833 ],
       [-0.62024003,  4.4589043 , -3.089649  ],
       [-0.26706928,  2.4043128 , -1.4303291 ],
       [-0.31164294,  3.1037424 , -2.2586348 ],
       [ 0.5985182 ,  3.38459   , -3.3666942 ],
       [-0.05991978,  4.251216  , -3.5192473 ],
       [ 1.1816752 ,  3.29562   , -3.7913187 ],
       [-1.2303864 ,  3.7854278 , -1.8288001 ],
       [-2.44324   ,  3.9272733 , -0.8034501 ],
       [-2.761536  ,  3.021806  ,  0.45952943],
       [-2.091982  ,  2.4856417 ,  0.42691764],
       [-1.8115089 ,  3.4152825 , -0.9416566 ],
       [-2.0457914 ,  3.9467008 , -1.2823379 ],
       [-1.9321307 ,  3.210209  , -0.5149741 ],
       [-1.335734  ,  3.315388  , -1.3752289 ],
       [-1.3702413 ,  3.2104635 , -1.1893641 ],
       [-2.8292472 ,  3.960549  , -0.46819577],
       [-0.46432155,  3.8258169 , -2.8094587 ],
       [-0.55112475,  2.0604532 , -0.9928818 ],
       [-1.9073063 ,  2.5800025 , -0.06361693],
       [-1.0312737 ,  3.4318688 , -1.8400651 ],
       [ 0.044774  ,  3.2096806 , -2.7199259 ],
       [-0.18851891,  2.8624434 , -2.1573274 ],
       [-1.5793393 ,  1.9242235 ,  0.22837648],
       [-0.9165238 ,  1.7251971 , -0.3111242 ],
       [-0.48752826,  2.8595846 , -1.7926778 ],
       [-0.26090354,  3.389458  , -2.5485692 ],
       [ 0.10078231,  1.5705565 , -1.1793412 ],
       [-1.1758426 ,  2.5494802 , -0.8049847 ],
       [-0.31118667,  3.1716537 , -2.3026502 ],
       [ 0.36359394,  2.1034458 , -1.9461907 ],
       [ 0.33543992,  1.2751826 , -1.0994642 ],
       [-1.0061193 ,  3.040636  , -1.5527213 ],
       [ 0.17848624,  2.2290812 , -1.8117235 ],
       [-0.64192516,  1.9191402 , -0.7933016 ],
       [-1.2401582 ,  2.7897687 , -0.95232   ],
       [-1.4691644 ,  4.0717072 , -2.0532014 ],
       [-1.7851884 , -2.3513165 ,  4.726971  ],
       [-3.0535913 , -0.31791565,  4.0308485 ],
       [-2.2700207 , -2.2470074 ,  5.097993  ],
       [-3.112831  , -1.2953037 ,  5.1121545 ],
       [-3.42535   , -1.4367111 ,  5.497297  ],
       [-1.2258492 , -2.8397884 ,  4.564885  ],
       [-2.212392  , -2.2124999 ,  5.0049353 ],
       [ 0.17768797, -1.8763635 ,  2.216067  ],
       [-2.3473594 , -2.4152346 ,  5.4457726 ],
       [-1.9090528 ,  0.5848851 ,  1.892874  ],
       [-3.5066388 ,  0.30195162,  3.9247627 ],
       [-3.415127  ,  1.7883257 ,  2.4627812 ],
       [-3.7024107 ,  1.1395814 ,  3.3108213 ],
       [-4.1719246 , -0.11035717,  5.1019897 ],
       [-4.589702  , -0.6642781 ,  5.9547215 ],
       [-3.9330287 ,  0.39959273,  4.3017335 ],
       [-3.3496976 , -0.02227214,  4.139966  ],
       [-3.9736392 , -0.79147315,  5.500102  ],
       [-3.7668817 , -0.58120406,  5.1042414 ],
       [-3.321973  ,  0.7827055 ,  3.3223836 ],
       [ 0.07373531, -2.8350835 ,  3.3694663 ],
       [-0.69947743, -1.7695823 ,  3.0587614 ],
       [-0.23605244, -1.9038754 ,  2.7654426 ],
       [-2.2169533 , -2.4354432 ,  5.2919626 ],
       [-1.9622151 , -2.4600358 ,  5.127081  ],
       [-2.081489  , -2.4696348 ,  5.155585  ],
       [-2.5302427 , -2.4426227 ,  5.510494  ],
       [-2.1054184 , -1.7779353 ,  4.5148597 ],
       [-2.9716227 , -1.7018744 ,  5.2796702 ],
       [-2.198811  , -2.9083755 ,  5.6693983 ],
       [-1.7327906 , -2.940587  ,  5.185018  ],
       [-2.2913105 , -1.2240951 ,  4.076513  ],
       [-2.4401448 , -2.0100615 ,  5.1354766 ],
       [-0.55200046, -3.3941963 ,  4.4811625 ],
       [ 0.05560968, -0.715175  ,  1.1021475 ],
       [-2.0847697 , -2.19921   ,  4.7350817 ],
       [-1.3821055 , -1.6453869 ,  3.4482048 ],
       [-0.53336453, -0.96341544,  1.8646426 ],
       [-1.9540378 , -1.4050438 ,  3.7257724 ],
       [-3.1930306 , -0.1772646 ,  3.976409  ],
       [ 1.2977934 , -4.5105886 ,  3.9073453 ],
       [-2.0633838 , -1.8034099 ,  4.5930533 ],
       [-1.3229548 , -3.6676033 ,  5.56953   ],
       [-0.7364505 , -1.5971663 ,  2.9275115 ],
       [-1.3367189 , -2.6739604 ,  4.654264  ],
       [-1.6953546 , -1.2878047 ,  3.6691236 ],
